cam0:
  cam_overlaps: [1]
  camera_model: pinhole
  distortion_coeffs: [0.3356271230722722, 0.15733194883777238, -0.04439737475220101, 0.11311144633131111]
  distortion_model: equidistant
  intrinsics: [645.2427303011251, 646.1509172987207, 650.0825306808185, 398.12537506073136]
  resolution: [1280, 800]
  rostopic: /cam0/image_raw
cam1:
  T_cn_cnm1:
  - [0.9999996677557166, -8.872218818037343e-05, 0.0008103189663611039, -0.05012496362066054]
  - [8.878419018230734e-05, 0.9999999931340949, -7.647989942860118e-05, -0.00018916231655158905]
  - [-0.0008103121753335027, 7.655181753180963e-05, 0.9999996687669427, -0.00017401090260351715]
  - [0.0, 0.0, 0.0, 1.0]
  cam_overlaps: [0]
  camera_model: pinhole
  distortion_coeffs: [0.3308652342871023, 0.17806900348366228, -0.08188751785651444, 0.1417414471292321]
  distortion_model: equidistant
  intrinsics: [645.2179493804098, 646.3155053713734, 649.2884781332103, 398.3299729834587]
  resolution: [1280, 800]
  rostopic: /cam1/image_raw
